c generated tseitin-torus-4x5-odd
p cnf 40 160
1 5 21 36 0
-1 -5 21 36 0
-1 5 -21 36 0
1 -5 -21 36 0
-1 5 21 -36 0
1 -5 21 -36 0
1 5 -21 -36 0
-1 -5 -21 -36 0
-2 1 22 37 0
2 -1 22 37 0
2 1 -22 37 0
-2 -1 -22 37 0
2 1 22 -37 0
-2 -1 22 -37 0
-2 1 -22 -37 0
2 -1 -22 -37 0
-3 2 23 38 0
3 -2 23 38 0
3 2 -23 38 0
-3 -2 -23 38 0
3 2 23 -38 0
-3 -2 23 -38 0
-3 2 -23 -38 0
3 -2 -23 -38 0
-4 3 24 39 0
4 -3 24 39 0
4 3 -24 39 0
-4 -3 -24 39 0
4 3 24 -39 0
-4 -3 24 -39 0
-4 3 -24 -39 0
4 -3 -24 -39 0
-5 4 25 40 0
5 -4 25 40 0
5 4 -25 40 0
-5 -4 -25 40 0
5 4 25 -40 0
-5 -4 25 -40 0
-5 4 -25 -40 0
5 -4 -25 -40 0
-6 10 26 21 0
6 -10 26 21 0
6 10 -26 21 0
-6 -10 -26 21 0
6 10 26 -21 0
-6 -10 26 -21 0
-6 10 -26 -21 0
6 -10 -26 -21 0
-7 6 27 22 0
7 -6 27 22 0
7 6 -27 22 0
-7 -6 -27 22 0
7 6 27 -22 0
-7 -6 27 -22 0
-7 6 -27 -22 0
7 -6 -27 -22 0
-8 7 28 23 0
8 -7 28 23 0
8 7 -28 23 0
-8 -7 -28 23 0
8 7 28 -23 0
-8 -7 28 -23 0
-8 7 -28 -23 0
8 -7 -28 -23 0
-9 8 29 24 0
9 -8 29 24 0
9 8 -29 24 0
-9 -8 -29 24 0
9 8 29 -24 0
-9 -8 29 -24 0
-9 8 -29 -24 0
9 -8 -29 -24 0
-10 9 30 25 0
10 -9 30 25 0
10 9 -30 25 0
-10 -9 -30 25 0
10 9 30 -25 0
-10 -9 30 -25 0
-10 9 -30 -25 0
10 -9 -30 -25 0
-11 15 31 26 0
11 -15 31 26 0
11 15 -31 26 0
-11 -15 -31 26 0
11 15 31 -26 0
-11 -15 31 -26 0
-11 15 -31 -26 0
11 -15 -31 -26 0
-12 11 32 27 0
12 -11 32 27 0
12 11 -32 27 0
-12 -11 -32 27 0
12 11 32 -27 0
-12 -11 32 -27 0
-12 11 -32 -27 0
12 -11 -32 -27 0
-13 12 33 28 0
13 -12 33 28 0
13 12 -33 28 0
-13 -12 -33 28 0
13 12 33 -28 0
-13 -12 33 -28 0
-13 12 -33 -28 0
13 -12 -33 -28 0
-14 13 34 29 0
14 -13 34 29 0
14 13 -34 29 0
-14 -13 -34 29 0
14 13 34 -29 0
-14 -13 34 -29 0
-14 13 -34 -29 0
14 -13 -34 -29 0
-15 14 35 30 0
15 -14 35 30 0
15 14 -35 30 0
-15 -14 -35 30 0
15 14 35 -30 0
-15 -14 35 -30 0
-15 14 -35 -30 0
15 -14 -35 -30 0
-16 20 36 31 0
16 -20 36 31 0
16 20 -36 31 0
-16 -20 -36 31 0
16 20 36 -31 0
-16 -20 36 -31 0
-16 20 -36 -31 0
16 -20 -36 -31 0
-17 16 37 32 0
17 -16 37 32 0
17 16 -37 32 0
-17 -16 -37 32 0
17 16 37 -32 0
-17 -16 37 -32 0
-17 16 -37 -32 0
17 -16 -37 -32 0
-18 17 38 33 0
18 -17 38 33 0
18 17 -38 33 0
-18 -17 -38 33 0
18 17 38 -33 0
-18 -17 38 -33 0
-18 17 -38 -33 0
18 -17 -38 -33 0
-19 18 39 34 0
19 -18 39 34 0
19 18 -39 34 0
-19 -18 -39 34 0
19 18 39 -34 0
-19 -18 39 -34 0
-19 18 -39 -34 0
19 -18 -39 -34 0
-20 19 40 35 0
20 -19 40 35 0
20 19 -40 35 0
-20 -19 -40 35 0
20 19 40 -35 0
-20 -19 40 -35 0
-20 19 -40 -35 0
20 -19 -40 -35 0

