c generated tseitin-torus-6x6-odd
p cnf 72 288
1 6 37 67 0
-1 -6 37 67 0
-1 6 -37 67 0
1 -6 -37 67 0
-1 6 37 -67 0
1 -6 37 -67 0
1 6 -37 -67 0
-1 -6 -37 -67 0
-2 1 38 68 0
2 -1 38 68 0
2 1 -38 68 0
-2 -1 -38 68 0
2 1 38 -68 0
-2 -1 38 -68 0
-2 1 -38 -68 0
2 -1 -38 -68 0
-3 2 39 69 0
3 -2 39 69 0
3 2 -39 69 0
-3 -2 -39 69 0
3 2 39 -69 0
-3 -2 39 -69 0
-3 2 -39 -69 0
3 -2 -39 -69 0
-4 3 40 70 0
4 -3 40 70 0
4 3 -40 70 0
-4 -3 -40 70 0
4 3 40 -70 0
-4 -3 40 -70 0
-4 3 -40 -70 0
4 -3 -40 -70 0
-5 4 41 71 0
5 -4 41 71 0
5 4 -41 71 0
-5 -4 -41 71 0
5 4 41 -71 0
-5 -4 41 -71 0
-5 4 -41 -71 0
5 -4 -41 -71 0
-6 5 42 72 0
6 -5 42 72 0
6 5 -42 72 0
-6 -5 -42 72 0
6 5 42 -72 0
-6 -5 42 -72 0
-6 5 -42 -72 0
6 -5 -42 -72 0
-7 12 43 37 0
7 -12 43 37 0
7 12 -43 37 0
-7 -12 -43 37 0
7 12 43 -37 0
-7 -12 43 -37 0
-7 12 -43 -37 0
7 -12 -43 -37 0
-8 7 44 38 0
8 -7 44 38 0
8 7 -44 38 0
-8 -7 -44 38 0
8 7 44 -38 0
-8 -7 44 -38 0
-8 7 -44 -38 0
8 -7 -44 -38 0
-9 8 45 39 0
9 -8 45 39 0
9 8 -45 39 0
-9 -8 -45 39 0
9 8 45 -39 0
-9 -8 45 -39 0
-9 8 -45 -39 0
9 -8 -45 -39 0
-10 9 46 40 0
10 -9 46 40 0
10 9 -46 40 0
-10 -9 -46 40 0
10 9 46 -40 0
-10 -9 46 -40 0
-10 9 -46 -40 0
10 -9 -46 -40 0
-11 10 47 41 0
11 -10 47 41 0
11 10 -47 41 0
-11 -10 -47 41 0
11 10 47 -41 0
-11 -10 47 -41 0
-11 10 -47 -41 0
11 -10 -47 -41 0
-12 11 48 42 0
12 -11 48 42 0
12 11 -48 42 0
-12 -11 -48 42 0
12 11 48 -42 0
-12 -11 48 -42 0
-12 11 -48 -42 0
12 -11 -48 -42 0
-13 18 49 43 0
13 -18 49 43 0
13 18 -49 43 0
-13 -18 -49 43 0
13 18 49 -43 0
-13 -18 49 -43 0
-13 18 -49 -43 0
13 -18 -49 -43 0
-14 13 50 44 0
14 -13 50 44 0
14 13 -50 44 0
-14 -13 -50 44 0
14 13 50 -44 0
-14 -13 50 -44 0
-14 13 -50 -44 0
14 -13 -50 -44 0
-15 14 51 45 0
15 -14 51 45 0
15 14 -51 45 0
-15 -14 -51 45 0
15 14 51 -45 0
-15 -14 51 -45 0
-15 14 -51 -45 0
15 -14 -51 -45 0
-16 15 52 46 0
16 -15 52 46 0
16 15 -52 46 0
-16 -15 -52 46 0
16 15 52 -46 0
-16 -15 52 -46 0
-16 15 -52 -46 0
16 -15 -52 -46 0
-17 16 53 47 0
17 -16 53 47 0
17 16 -53 47 0
-17 -16 -53 47 0
17 16 53 -47 0
-17 -16 53 -47 0
-17 16 -53 -47 0
17 -16 -53 -47 0
-18 17 54 48 0
18 -17 54 48 0
18 17 -54 48 0
-18 -17 -54 48 0
18 17 54 -48 0
-18 -17 54 -48 0
-18 17 -54 -48 0
18 -17 -54 -48 0
-19 24 55 49 0
19 -24 55 49 0
19 24 -55 49 0
-19 -24 -55 49 0
19 24 55 -49 0
-19 -24 55 -49 0
-19 24 -55 -49 0
19 -24 -55 -49 0
-20 19 56 50 0
20 -19 56 50 0
20 19 -56 50 0
-20 -19 -56 50 0
20 19 56 -50 0
-20 -19 56 -50 0
-20 19 -56 -50 0
20 -19 -56 -50 0
-21 20 57 51 0
21 -20 57 51 0
21 20 -57 51 0
-21 -20 -57 51 0
21 20 57 -51 0
-21 -20 57 -51 0
-21 20 -57 -51 0
21 -20 -57 -51 0
-22 21 58 52 0
22 -21 58 52 0
22 21 -58 52 0
-22 -21 -58 52 0
22 21 58 -52 0
-22 -21 58 -52 0
-22 21 -58 -52 0
22 -21 -58 -52 0
-23 22 59 53 0
23 -22 59 53 0
23 22 -59 53 0
-23 -22 -59 53 0
23 22 59 -53 0
-23 -22 59 -53 0
-23 22 -59 -53 0
23 -22 -59 -53 0
-24 23 60 54 0
24 -23 60 54 0
24 23 -60 54 0
-24 -23 -60 54 0
24 23 60 -54 0
-24 -23 60 -54 0
-24 23 -60 -54 0
24 -23 -60 -54 0
-25 30 61 55 0
25 -30 61 55 0
25 30 -61 55 0
-25 -30 -61 55 0
25 30 61 -55 0
-25 -30 61 -55 0
-25 30 -61 -55 0
25 -30 -61 -55 0
-26 25 62 56 0
26 -25 62 56 0
26 25 -62 56 0
-26 -25 -62 56 0
26 25 62 -56 0
-26 -25 62 -56 0
-26 25 -62 -56 0
26 -25 -62 -56 0
-27 26 63 57 0
27 -26 63 57 0
27 26 -63 57 0
-27 -26 -63 57 0
27 26 63 -57 0
-27 -26 63 -57 0
-27 26 -63 -57 0
27 -26 -63 -57 0
-28 27 64 58 0
28 -27 64 58 0
28 27 -64 58 0
-28 -27 -64 58 0
28 27 64 -58 0
-28 -27 64 -58 0
-28 27 -64 -58 0
28 -27 -64 -58 0
-29 28 65 59 0
29 -28 65 59 0
29 28 -65 59 0
-29 -28 -65 59 0
29 28 65 -59 0
-29 -28 65 -59 0
-29 28 -65 -59 0
29 -28 -65 -59 0
-30 29 66 60 0
30 -29 66 60 0
30 29 -66 60 0
-30 -29 -66 60 0
30 29 66 -60 0
-30 -29 66 -60 0
-30 29 -66 -60 0
30 -29 -66 -60 0
-31 36 67 61 0
31 -36 67 61 0
31 36 -67 61 0
-31 -36 -67 61 0
31 36 67 -61 0
-31 -36 67 -61 0
-31 36 -67 -61 0
31 -36 -67 -61 0
-32 31 68 62 0
32 -31 68 62 0
32 31 -68 62 0
-32 -31 -68 62 0
32 31 68 -62 0
-32 -31 68 -62 0
-32 31 -68 -62 0
32 -31 -68 -62 0
-33 32 69 63 0
33 -32 69 63 0
33 32 -69 63 0
-33 -32 -69 63 0
33 32 69 -63 0
-33 -32 69 -63 0
-33 32 -69 -63 0
33 -32 -69 -63 0
-34 33 70 64 0
34 -33 70 64 0
34 33 -70 64 0
-34 -33 -70 64 0
34 33 70 -64 0
-34 -33 70 -64 0
-34 33 -70 -64 0
34 -33 -70 -64 0
-35 34 71 65 0
35 -34 71 65 0
35 34 -71 65 0
-35 -34 -71 65 0
35 34 71 -65 0
-35 -34 71 -65 0
-35 34 -71 -65 0
35 -34 -71 -65 0
-36 35 72 66 0
36 -35 72 66 0
36 35 -72 66 0
-36 -35 -72 66 0
36 35 72 -66 0
-36 -35 72 -66 0
-36 35 -72 -66 0
36 -35 -72 -66 0

