c generated tseitin-torus-5x5-odd
p cnf 50 200
1 5 26 46 0
-1 -5 26 46 0
-1 5 -26 46 0
1 -5 -26 46 0
-1 5 26 -46 0
1 -5 26 -46 0
1 5 -26 -46 0
-1 -5 -26 -46 0
-2 1 27 47 0
2 -1 27 47 0
2 1 -27 47 0
-2 -1 -27 47 0
2 1 27 -47 0
-2 -1 27 -47 0
-2 1 -27 -47 0
2 -1 -27 -47 0
-3 2 28 48 0
3 -2 28 48 0
3 2 -28 48 0
-3 -2 -28 48 0
3 2 28 -48 0
-3 -2 28 -48 0
-3 2 -28 -48 0
3 -2 -28 -48 0
-4 3 29 49 0
4 -3 29 49 0
4 3 -29 49 0
-4 -3 -29 49 0
4 3 29 -49 0
-4 -3 29 -49 0
-4 3 -29 -49 0
4 -3 -29 -49 0
-5 4 30 50 0
5 -4 30 50 0
5 4 -30 50 0
-5 -4 -30 50 0
5 4 30 -50 0
-5 -4 30 -50 0
-5 4 -30 -50 0
5 -4 -30 -50 0
-6 10 31 26 0
6 -10 31 26 0
6 10 -31 26 0
-6 -10 -31 26 0
6 10 31 -26 0
-6 -10 31 -26 0
-6 10 -31 -26 0
6 -10 -31 -26 0
-7 6 32 27 0
7 -6 32 27 0
7 6 -32 27 0
-7 -6 -32 27 0
7 6 32 -27 0
-7 -6 32 -27 0
-7 6 -32 -27 0
7 -6 -32 -27 0
-8 7 33 28 0
8 -7 33 28 0
8 7 -33 28 0
-8 -7 -33 28 0
8 7 33 -28 0
-8 -7 33 -28 0
-8 7 -33 -28 0
8 -7 -33 -28 0
-9 8 34 29 0
9 -8 34 29 0
9 8 -34 29 0
-9 -8 -34 29 0
9 8 34 -29 0
-9 -8 34 -29 0
-9 8 -34 -29 0
9 -8 -34 -29 0
-10 9 35 30 0
10 -9 35 30 0
10 9 -35 30 0
-10 -9 -35 30 0
10 9 35 -30 0
-10 -9 35 -30 0
-10 9 -35 -30 0
10 -9 -35 -30 0
-11 15 36 31 0
11 -15 36 31 0
11 15 -36 31 0
-11 -15 -36 31 0
11 15 36 -31 0
-11 -15 36 -31 0
-11 15 -36 -31 0
11 -15 -36 -31 0
-12 11 37 32 0
12 -11 37 32 0
12 11 -37 32 0
-12 -11 -37 32 0
12 11 37 -32 0
-12 -11 37 -32 0
-12 11 -37 -32 0
12 -11 -37 -32 0
-13 12 38 33 0
13 -12 38 33 0
13 12 -38 33 0
-13 -12 -38 33 0
13 12 38 -33 0
-13 -12 38 -33 0
-13 12 -38 -33 0
13 -12 -38 -33 0
-14 13 39 34 0
14 -13 39 34 0
14 13 -39 34 0
-14 -13 -39 34 0
14 13 39 -34 0
-14 -13 39 -34 0
-14 13 -39 -34 0
14 -13 -39 -34 0
-15 14 40 35 0
15 -14 40 35 0
15 14 -40 35 0
-15 -14 -40 35 0
15 14 40 -35 0
-15 -14 40 -35 0
-15 14 -40 -35 0
15 -14 -40 -35 0
-16 20 41 36 0
16 -20 41 36 0
16 20 -41 36 0
-16 -20 -41 36 0
16 20 41 -36 0
-16 -20 41 -36 0
-16 20 -41 -36 0
16 -20 -41 -36 0
-17 16 42 37 0
17 -16 42 37 0
17 16 -42 37 0
-17 -16 -42 37 0
17 16 42 -37 0
-17 -16 42 -37 0
-17 16 -42 -37 0
17 -16 -42 -37 0
-18 17 43 38 0
18 -17 43 38 0
18 17 -43 38 0
-18 -17 -43 38 0
18 17 43 -38 0
-18 -17 43 -38 0
-18 17 -43 -38 0
18 -17 -43 -38 0
-19 18 44 39 0
19 -18 44 39 0
19 18 -44 39 0
-19 -18 -44 39 0
19 18 44 -39 0
-19 -18 44 -39 0
-19 18 -44 -39 0
19 -18 -44 -39 0
-20 19 45 40 0
20 -19 45 40 0
20 19 -45 40 0
-20 -19 -45 40 0
20 19 45 -40 0
-20 -19 45 -40 0
-20 19 -45 -40 0
20 -19 -45 -40 0
-21 25 46 41 0
21 -25 46 41 0
21 25 -46 41 0
-21 -25 -46 41 0
21 25 46 -41 0
-21 -25 46 -41 0
-21 25 -46 -41 0
21 -25 -46 -41 0
-22 21 47 42 0
22 -21 47 42 0
22 21 -47 42 0
-22 -21 -47 42 0
22 21 47 -42 0
-22 -21 47 -42 0
-22 21 -47 -42 0
22 -21 -47 -42 0
-23 22 48 43 0
23 -22 48 43 0
23 22 -48 43 0
-23 -22 -48 43 0
23 22 48 -43 0
-23 -22 48 -43 0
-23 22 -48 -43 0
23 -22 -48 -43 0
-24 23 49 44 0
24 -23 49 44 0
24 23 -49 44 0
-24 -23 -49 44 0
24 23 49 -44 0
-24 -23 49 -44 0
-24 23 -49 -44 0
24 -23 -49 -44 0
-25 24 50 45 0
25 -24 50 45 0
25 24 -50 45 0
-25 -24 -50 45 0
25 24 50 -45 0
-25 -24 50 -45 0
-25 24 -50 -45 0
25 -24 -50 -45 0

