WARNING: for repeatability, setting FPU to use double precision
============================[ Problem Statistics ]=============================
|                                                                             |
|  Number of variables:            60                                         |
|  Number of clauses:             240                                         |
|  Parse time:                   0.00 s                                       |
|  Simplification time:          0.00 s                                       |
|                                                                             |
============================[ Search Statistics ]==============================
| Conflicts |          ORIGINAL         |          LEARNT          | Progress |
|           |    Vars  Clauses Literals |    Limit  Clauses Lit/Cl |          |
===============================================================================
|       100 |      60      240      960 |       88      100     12 |  0.028 % |
|       250 |      60      240      960 |       96       98     11 |  0.028 % |
|       475 |      60      240      960 |      106       72     10 |  0.028 % |
|       812 |      60      240      960 |      117       76     11 |  0.028 % |
|      1318 |      60      240      960 |      128       78      9 |  0.028 % |
|      2077 |      60      240      960 |      141      147     10 |  0.028 % |
|      3216 |      60      240      960 |      155       78     10 |  0.028 % |
|      4924 |      60      240      960 |      171      156      9 |  0.028 % |
|      7486 |      60      240      960 |      188      149     12 |  0.028 % |
|     11330 |      60      240      960 |      207      143     11 |  0.028 % |
|     17096 |      60      240      960 |      228      164     13 |  0.028 % |
|     25745 |      60      240      960 |      251      138     10 |  0.028 % |
|     38719 |      60      240      960 |      276      203     11 |  0.028 % |
|     58180 |      60      240      960 |      303      274     10 |  0.028 % |
|     87372 |      60      240      960 |      334      235     10 |  0.028 % |
|    131161 |      60      240      960 |      367      308     10 |  0.028 % |
|    196845 |      60      240      960 |      404      307     10 |  0.028 % |
|    295371 |      60      240      960 |      444      284     10 |  0.028 % |
|    443160 |      60      240      960 |      489      427     11 |  0.028 % |
|    664843 |      60      240      960 |      538      292     10 |  0.028 % |
|    997368 |      60      240      960 |      592      477     12 |  0.028 % |
|   1496156 |      60      240      960 |      651      401     12 |  0.028 % |
|   2244338 |      60      240      960 |      716      599     11 |  0.028 % |
|   3366612 |      60      240      960 |      787      389     11 |  0.028 % |
|   5050023 |      60      240      960 |      866      498     11 |  0.028 % |
|   7575139 |      60      240      960 |      953      526     10 |  0.084 % |
===============================================================================
restarts              : 12286
conflicts             : 7740556        (247258 /sec)
decisions             : 12364737       (0.00 % random) (394969 /sec)
propagations          : 56412079       (1801980 /sec)
conflict literals     : 96772020       (10.09 % deleted)
Memory used           : 11.00 MB
CPU time              : 31.3056 s

UNSATISFIABLE
