WARNING: for repeatability, setting FPU to use double precision
============================[ Problem Statistics ]=============================
|                                                                             |
|  Number of variables:            72                                         |
|  Number of clauses:             288                                         |
|  Parse time:                   0.00 s                                       |
|  Simplification time:          0.00 s                                       |
|                                                                             |
============================[ Search Statistics ]==============================
| Conflicts |          ORIGINAL         |          LEARNT          | Progress |
|           |    Vars  Clauses Literals |    Limit  Clauses Lit/Cl |          |
===============================================================================
|       100 |      72      288     1152 |      105      100     12 |  0.020 % |
|       250 |      72      288     1152 |      116      111     11 |  0.020 % |
|       475 |      72      288     1152 |      127       99     10 |  0.020 % |
|       812 |      72      288     1152 |      140      114     10 |  0.020 % |
|      1318 |      72      288     1152 |      154       99     10 |  0.020 % |
|      2077 |      72      288     1152 |      170      169     10 |  0.020 % |
|      3216 |      72      288     1152 |      187      177     11 |  0.020 % |
|      4924 |      72      288     1152 |      205      111     10 |  0.020 % |
|      7486 |      72      288     1152 |      226      138     10 |  0.020 % |
|     11330 |      72      288     1152 |      248      190     10 |  0.020 % |
|     17096 |      72      288     1152 |      273      168     10 |  0.020 % |
|     25745 |      72      288     1152 |      301      309     11 |  0.020 % |
|     38719 |      72      288     1152 |      331      214     11 |  0.020 % |
|     58180 |      72      288     1152 |      364      221     11 |  0.020 % |
|     87372 |      72      288     1152 |      401      237     11 |  0.020 % |
|    131161 |      72      288     1152 |      441      348     10 |  0.020 % |
|    196845 |      72      288     1152 |      485      450     13 |  0.020 % |
|    295371 |      72      288     1152 |      533      518     11 |  0.020 % |
|    443160 |      72      288     1152 |      587      494     13 |  0.020 % |
|    664843 |      72      288     1152 |      645      453     10 |  0.020 % |
|    997368 |      72      288     1152 |      710      506     14 |  0.020 % |
|   1496156 |      72      288     1152 |      781      553     11 |  0.020 % |
|   2244338 |      72      288     1152 |      859      645     12 |  0.020 % |
|   3366612 |      72      288     1152 |      945      870     13 |  0.020 % |
|   5050023 |      72      288     1152 |     1040      543     12 |  0.020 % |
|   7575139 |      72      288     1152 |     1144      717     12 |  0.020 % |
|  11362814 |      72      288     1152 |     1258      985     12 |  0.020 % |
|  17044326 |      72      288     1152 |     1384      926     13 |  0.020 % |
|  25566595 |      71      280     1120 |     1522     1209     11 |  1.408 % |
|  38349998 |      71      280     1120 |     1675     1209     14 |  1.408 % |
===============================================================================
restarts              : 65535
conflicts             : 49373234       (216615 /sec)
decisions             : 80676158       (0.00 % random) (353951 /sec)
propagations          : 325137931      (1426480 /sec)
conflict literals     : 687447774      (10.23 % deleted)
Memory used           : 11.00 MB
CPU time              : 227.93 s

UNSATISFIABLE
